FRAMES = 10
HIGH = 5.13998
LOW = 4.46167
AVG = 4.83179
